0 0.5408653846153846 0.4483173076923077 0.06850961538461539 0.055288461538461536
0 0.6430288461538461 0.5060096153846154 0.0625 0.0733173076923077
0 0.8377403846153846 0.5552884615384616 0.078125 0.078125
0 0.2704326923076923 0.5564903846153846 0.1201923076923077 0.09975961538461539
0 0.4110576923076923 0.5576923076923077 0.14302884615384615 0.09975961538461539
0 0.6670673076923077 0.6646634615384616 0.10336538461538461 0.10817307692307693
0 0.1622596153846154 0.6899038461538461 0.17427884615384615 0.20072115384615385
0 0.34134615384615385 0.7512019230769231 0.11177884615384616 0.12980769230769232
0 0.5625 0.8317307692307693 0.05889423076923077 0.078125
0 0.4110576923076923 0.9170673076923077 0.078125 0.08413461538461539
0 0.5252403846153846 0.13581730769230768 0.11177884615384616 0.04807692307692308
0 0.6045673076923077 0.2439903846153846 0.10697115384615384 0.07211538461538461
0 0.33653846153846156 0.2824519230769231 0.296875 0.47716346153846156
0 0.5853365384615384 0.3629807692307692 0.06850961538461539 0.04447115384615385