0 0.3485576923076923 0.4266826923076923 0.1045673076923077 0.0985576923076923
0 0.5504807692307693 0.42788461538461536 0.11298076923076923 0.09134615384615384
0 0.5625 0.5276442307692307 0.07091346153846154 0.05889423076923077
0 0.8173076923076923 0.6189903846153846 0.06129807692307692 0.19951923076923078
0 0.23076923076923078 0.6274038461538461 0.14182692307692307 0.2127403846153846
0 0.5564903846153846 0.6334134615384616 0.07572115384615384 0.08413461538461539
0 0.7644230769230769 0.7367788461538461 0.09134615384615384 0.10697115384615384
0 0.39663461538461536 0.07572115384615384 0.15745192307692307 0.1045673076923077
0 0.21153846153846154 0.7608173076923077 0.1141826923076923 0.09375
0 0.6177884615384616 0.8004807692307693 0.07692307692307693 0.14182692307692307
0 0.2776442307692308 0.2548076923076923 0.06129807692307692 0.19951923076923078
0 0.5721153846153846 0.2824519230769231 0.109375 0.24158653846153846